    w:  [5.773076705381787e-11, 4.0527046350114303e-11, 4.180600809774318e-11, 6.124003690818691e-11, 6.367005582371016e-11, 5.2000086366572364e-11, 4.830469292235914e-11, 5.276917375423721e-11, 1.821365084852982e-10] ; b:  0.9999999991340026
    time:  0.01524806022644043
