    w:  [3.4341388814138463e-11, 2.8974475214695073e-11, 2.917525133297119e-11, 3.110140598450414e-11, 3.1582897250529505e-11, 2.787624568739188e-11, 2.7548901632559674e-11, 3.2075582105846654e-11, 4.405554303830298e-11] ; b:  0.9999999999160919
    time:  0.016933917999267578
