    w:  [5.9039009949855246e-12, 1.8433260637881728e-12, 2.1700868660432785e-12, 2.494293407011712e-12, 3.2870118527490326e-12, 2.900079828001859e-12, 7.431913107998827e-13, 2.357376856930179e-12, 8.145522905625878e-12] ; b:  1.0000000000033449
    time:  0.016083955764770508
