    w:  [1.000440231155606e-10, 4.276288219174239e-11, 4.2462720742275067e-11, 6.590022900036168e-11, 6.826690244992375e-11, 4.485372185509059e-11, 1.3431595732900837e-11, 5.805751538950477e-11, 1.4882640960868e-10] ; b:  0.9999999998843168
    time:  0.013974428176879883
