    w:  [1.3777406780842153e-12, 1.9371972089541456e-12, 1.82900900890147e-12, 5.297634662156983e-12, 2.202485352178514e-12, 1.8629239329441272e-12, 2.404591362544558e-12, 2.6963876464740278e-12, 2.8199176279300383e-12] ; b:  0.999999999952992
    time:  0.015766620635986328
