    w:  [0.0, 0.0, 0.0, 0.0, 0.0015163632138357197, 0.0, 0.0, 0.0] ; b:  0.9999999999995082
    time:  8.630373477935791
