    w:  [5.019968643832547e-11, 3.086096625899091e-12, 1.5522898258154766e-11, 6.989159762634252e-11, 1.398180161249683e-12, 2.8320104929843208e-11, 7.002208011679697e-10, 1.663933199245452e-11] ; b:  0.9999999944164779
    time:  0.012564659118652344
