    w:  [2.6477318271488805e-11, 1.1689772143220363e-12, 1.3270907352394228e-11, 1.0812513890344056e-11, 5.502791253514284e-13, 6.255792125418766e-12, 2.6598103659897787e-10, 4.169622524638216e-12] ; b:  0.9999999971526079
    time:  0.004004001617431641
