    w:  [0.0, 0.0, 0.0, 0.0, 0.0, 0.0, 0.0, 0.0] ; b:  1.0000000000006588
    time:  19.322397708892822
