    w:  [1.0590039093196671e-12, 2.0275420281274055e-13, 6.685301440224074e-13, 1.154067731115287e-12, 9.336392606615398e-14, 1.3930845585661982e-12, 4.3048522884596546e-11, 5.895516077456879e-13] ; b:  0.9999999997284266
    time:  0.009637832641601562
