    w:  [1.2408902847606453e-12, 6.526161691617248e-14, 4.049344760105491e-13, 5.564067572649571e-13, 3.108938304689465e-14, 3.544244080414223e-13, 1.943017424208321e-11, 2.229443538193792e-13] ; b:  0.9999999998448231
    time:  0.0035004615783691406
