    w:  [1.0, 0.0, 0.02595921559936943, 0.011166106644320965, 0.00177493910793272, 0.0, 0.0, 0.0] ; b:  -1.0
    time:  0.07183051109313965
