    w:  [4.0927458805635774e-10, 1.7541222311382906e-11, 1.5964424258846108e-10, 2.7538603817448265e-10, 1.1130066881328751e-11, 1.0882655139187165e-10, 1.8593491539569855e-09, 1.0708990606588031e-10] ; b:  0.9999999315360562
    time:  0.004888296127319336
