    w:  [3.433489283905756e-12, 1.426248839667651e-13, 8.345364926498833e-13, 1.0586652674597318e-12, 6.727048226931477e-14, 7.142363624145733e-13, 3.326567287330427e-11, 5.761407454441764e-13] ; b:  0.9999999996463933
    time:  0.0032165050506591797
