    w:  [5.541001298218645e-11, 2.404469024072275e-12, 1.5550509056870183e-11, 2.0842569909024375e-11, 1.170098755284115e-12, 1.3274724748499822e-11, 9.012722922047641e-10, 8.19960112297679e-12] ; b:  0.9999999941003976
    time:  0.0037686824798583984
