    w:  [6.591713248520832e-13, 3.3758535651207724e-14, 2.2261561552176752e-13, 2.932827503312371e-13, 1.6486034943493908e-14, 1.8548550304464795e-13, 8.983487518219252e-12, 1.1651173530379515e-13] ; b:  0.9999999999178987
    time:  0.003925323486328125
