    w:  [0.13561731614689887, 0.0, 0.003993638757674976, 0.00041600403728025113, 0.0, 0.0, 0.0, 0.0] ; b:  0.7287653677062024
    time:  6.501153230667114
