    w:  [2.326557399072126e-12, 1.0520742059622799e-13, 6.802231042806539e-13, 9.09392866644118e-13, 4.848771979664967e-14, 5.262432093740112e-13, 3.057282390214966e-11, 3.7018831476009765e-13] ; b:  0.9999999997770451
    time:  0.0041353702545166016
