    w:  [5.455701657050445e-11, 1.5909093291530204e-12, 1.1908656005712988e-11, 1.4722561778320605e-11, 7.824443099026073e-13, 8.477573982660086e-12, 6.334294860809055e-10, 5.672264679738828e-12] ; b:  0.9999999962867205
    time:  0.003484964370727539
