    w:  [4.5061037075317995e-11, 1.3327475143302027e-12, 1.0217842270116423e-11, 1.848084644934871e-11, 5.990514454423221e-13, 1.3859841770282215e-11, 3.8516859476739833e-10, 6.534330773479253e-12] ; b:  0.9999999967370096
    time:  0.009733438491821289
