    w:  [0.0027976040155038157, 0.0, 0.04137524958171835, 0.013161246642913927, 0.003082138989183334, 0.0, 0.0, 0.0] ; b:  -1.0
    time:  0.23708391189575195
