    w:  [2.7905295893489054e-13, 2.6628478545578214e-14, 2.120604820634888e-13, 7.323704711005602e-14, 3.0867734123358423e-14, 1.1616711137449542e-13, 7.084514530490519e-12, 5.439657732123025e-14] ; b:  0.9999999999517943
    time:  0.009119272232055664
