    w:  [8.977477066736223e-13, 5.019664665423013e-14, 1.8298019369956275e-12, 3.6098529744290944e-13, 9.176925254547233e-14, 1.4445795144362283e-13, 9.820657827277066e-12, 1.2677620817907205e-13] ; b:  0.9999999997005306
    time:  0.009425640106201172
