    w:  [0.1331853496115427, 0.0, 0.004439511653718142, 0.0, 0.0, 0.0, 0.0, 0.0] ; b:  0.7336293007769146
    time:  36.75574564933777
