    w:  [1.0, 0.0, 0.03333333333333333, 0.0, 0.0, 0.0, 0.0, 0.0] ; b:  -0.9999999999999998
    time:  3.4096081256866455
