    w:  [3.207696976349035e-13, 3.4623166968561254e-14, 1.7765855157220563e-13, 1.1700394873267152e-13, 3.451806302864821e-14, 1.4974851320031723e-13, 5.191248590233027e-12, 6.913887937481044e-14] ; b:  0.9999999999430731
    time:  0.008861541748046875
