    w:  [2.734453481769939e-11, 1.2358289686532441e-12, 8.147225111948724e-12, 1.362269874533765e-11, 5.922973441407674e-13, 9.735102201866591e-12, 3.819760600022013e-10, 4.703034704691734e-12] ; b:  0.9999999968926544
    time:  0.07236719131469727
