    w:  [1.0625, 0.0, 0.03125, 0.0, 0.0, 0.0, 0.0, 0.0] ; b:  -1.0
    time:  1.0763967037200928
