    w:  [9.149565137470842e-13, 1.4882789215431415e-13, 7.553583201568971e-13, 9.295179480409696e-13, 4.293714697980989e-14, 1.009941164601539e-12, 9.702271821185002e-12, 4.046185299608892e-13] ; b:  0.9999999997872273
    time:  0.0105743408203125
