    w:  [1.0, 0.0, 0.04, 0.0007707910750507071, 0.0010141987829614567, 0.0, 0.0, 0.0] ; b:  -1.0
    time:  1.144890546798706
