    w:  [8.523448891027026e-12, 3.589495527287674e-13, 2.0861174655476308e-12, 2.6657894706644966e-12, 1.6924774495935666e-13, 1.7998321457649302e-12, 8.403541827563977e-11, 1.4510601495940597e-12] ; b:  0.9999999991105176
    time:  0.00356292724609375
