    w:  [7.309518060829381e-13, 3.080130764612939e-14, 1.7983323483954875e-13, 2.285436760695953e-13, 1.452747804832201e-14, 1.542115197161428e-13, 7.148611946700536e-12, 1.2431880762900978e-13] ; b:  0.9999999999237429
    time:  0.0035033226013183594
