    w:  [2.692659285328253e-11, 1.1347175409977074e-12, 6.621995259836165e-12, 8.418676088427876e-12, 5.350638854464447e-13, 5.680036922358103e-12, 2.6164172624835913e-10, 4.579092803281366e-12] ; b:  0.9999999971906343
    time:  0.002454519271850586
