    w:  [0.1356173161468982, 0.0, 0.003993638757700535, 0.0004160040372600555, 0.0, 0.0, 0.0, 0.0] ; b:  0.7287653677062036
    time:  0.8975062370300293
