    w:  [1.0, 0.0, 0.03333333333333334, 0.0, 0.0, 0.0, 0.0, 0.0] ; b:  -1.0
    time:  12.555682897567749
