    w:  [1.0624778508888175, 0.0, 0.03125073830370608, 0.0, 0.0, 0.0, 0.0, 0.0] ; b:  -1.0
    time:  0.506176233291626
