    w:  [5.589180102980414e-13, 2.5405486285285886e-14, 1.9497084819213862e-13, 2.2378349469619878e-13, 1.1696197348536229e-14, 1.294845107481233e-13, 7.417942361948981e-12, 8.995742143591328e-14] ; b:  0.9999999999439163
    time:  0.0051081180572509766
