    w:  [4.932447533415199e-12, 2.600322247720109e-13, 1.5763174538133039e-12, 2.2053415291092875e-12, 1.238715700213502e-13, 1.406910288198551e-12, 7.731678713739908e-11, 8.852600533240304e-13] ; b:  0.9999999993864035
    time:  0.003208637237548828
