    w:  [1.0, 0.0, 0.0294478527607362, 0.003067484662576685, 0.0, 0.0, 0.0, 0.0] ; b:  -1.0
    time:  0.5326335430145264
