    w:  [2.0139666501560236e-10, 8.400668209317733e-12, 5.0210556679244955e-11, 6.65512211887913e-11, 3.973438573450166e-12, 4.171714933742136e-11, 1.884225953456537e-09, 3.370141156224088e-11] ; b:  0.9999999790213913
    time:  0.010689735412597656
