    w:  [1.0, 0.0, 0.025953284088640442, 0.01117987622279896, 0.0, 0.0, 0.0, 0.0] ; b:  -1.0
    time:  0.03717756271362305
