    w:  [5.622272487055831e-12, 3.4507040487257114e-12, 8.78660690818718e-12, 8.63742293304552e-12, 2.5971371112208612e-12, 9.42818514897411e-11] ; b:  -0.9999999997948039
    time:  0.0638737678527832
