    w:  [2.389325167019674e-10, 2.4188702230556065e-10, 2.3549541270813213e-10, 1.306061316981333e-10, 1.3317109655951947e-10, 3.852723619414868e-10, 1.6669858724747294e-10, 9.219769376849053e-11, 3.8392600711778485e-11, 3.175879664010705e-11, 2.582515049510731e-11, 2.6382286686753835e-11, 3.0356805585973734e-11, 4.455593625340433e-11, 6.947652337514822e-11, 9.254086007431171e-11, 9.998017414581107e-11, 6.475542899585258e-11, 2.7357383134544382e-11, 1.954876158871251e-11, 1.8249479650532087e-11, 2.021780029614894e-11, 2.513158413427838e-11, 3.025282184664631e-11, 3.745369495283843e-11, 3.57783412106935e-11, 3.1376148450106064e-11, 2.8671646643408167e-11, 3.7255399329229434e-11, 5.134419434483958e-11, 2.406893281083475e-09, 3.511045074144197e-10, 3.3855158637669245e-08, 0.0025895012706510833, 0.006718000062341205, 0.009329500036223109, 0.005290200107576042, 8.566438555399847e-10, 6.971335061905162e-11, 8.179033621399037e-10, 1.6217321878044827e-10, 4.8464195385138426e-11, 4.103811551485383e-11, 3.93584287956031e-11, 2.932094816582041e-11, 3.7070661411603775e-11, 5.944634156588482e-11, 7.426418518431532e-11, 1.5608929550926314e-10, 8.455703696746341e-10, 4.1965798644911393e-10, 5.448267173009973e-10, 2.161953355802494e-09, 1.3393958818658138e-09, 2.171447689557618e-09, 5.893068416064351e-09, 2.413600949658812e-07, 1.2776998933641274e-09, 5.158710949654066e-09, 6.8345642011490446e-09] ; b:  -0.9999999999720524
    time:  0.010300636291503906
